n		rec		recmem	matr	binet	llist	iter

5		0		0		0		0		0		0
8		0		0		0		0		0		0
10		0		0		0		0		0		0
11		0		0		0		0		0		0
13		0		0		0		0		0		0
17		0		0		0		0		0		0
19		0		0		0		0		0		0
20		0		0		0		0		0		0
22		0		0		0		0		0		0
25		0.001	0		0		0		0		0
28		0.004	0		0		0		0		0
30		0.012	0		0		0		0		0
32		0.028	0		0		0		0		0
35		0.111	0		0		0		0		0
40		1.241	0		0		0		0		0
45		13.554	0		0		0		0		0
50		149.978 0		0		0		0		0

n			recmem	matr	binet	llist	iter

100			0.002	0		0		0.001	0.001
150			0.004	0		0		0.003	0.003
200			0.008	0.001	0		0.007	0.006
250			0.011	0.001	0		0.01	0.011
300			0.016	0.002	0		0.014	0.015
400			0.028	0.002	0		0.027	0.026
450			0.035	0.003	0		0.033	0.033
500			0.043	0.003	0		0.044	0.041
550			0.053	0.004	0		0.054	0.051
600			0.063	0.005	0		0.062	0.061
650			0.073	0.004	0		0.071	0.069
700			0.085	0.005	0		0.084	0.082
750			0.099	0.006	0		0.096	0.094
800			0.109	0.006	0		0.106	0.105
850			0.124	0.006	0		0.123	0.12
900			0.141	0.007	0		0.138	0.136
1000		0.185	0.008	0		0.175	0.167
1050		0.2		0.012	0		0.184	0.182
1100		0.227	0.012	0		0.205	0.203
1150		0.229	0.013	0		0.222	0.219
1200		0.253	0.013	0		0.246	0.246
1213		0.254	0.014	0		0.249	0.253

n			matr	binet	llist	iter

1200		0.013	0		0.24	0.239
1250		0.014	0		0.264	0.273
1300		0.015	0		0.288	0.294
1350		0.016	0		0.313	0.318
1400		0.017	0		0.336	0.346
1450		0.017	0		0.362	0.393
1474		0.017	0		0.377	0.386


n		matr	llist	iter

1500	0.017	0.403	0.381
1600	0.018	0.446	0.45
1700	0.02	0.508	0.504
1800	0.02	0.575	0.555
1900	0.025	0.633	0.636
2000	0.024	0.697	0.748
2100	0.042	0.773	0.774
2200	0.042	0.841	0.843
2300	0.043	0.926	0.91

n		matr	iter

3000	0.057	1.564
5000	0.166	4.331
7000	0.245	8.587
10000	0.633	17.574
12000	0.787	24.996
15000	1.034	39.584

n		matr

20000	2.715
25000	3.354
30000	4.342
35000	9.072
40000	10.546
50000	13.108
